% Ex 2:

%a) Matriz de Transição

T = [0 1/3 1/3 1/3 0
     0 0.2 0.5 0 0.3
     0 0.1 0.4 0.3 0.2
     0 0.5 0.3 0.3 0.4];
   

% b) 1x 0,5 